ys_7_27_5

VEHICLE(eVTOL)           VEHICLE(He) 
SPEED    DEADLINE       SPEED    DEADLINE
  200           1.5                   240           1.5

CUSTOMER
CUST NO.  XCOORD.   YCOORD.    PROFIT       k1      k2      SERVICE TIME    TYPE

    0      97.038618        32.837901         0          0         0         0           0           0
    1      97.009147        32.992911       900         710       280      0.08            2           1
    2      96.978617        33.001271       450         385       0        0.07           1           2
    3      97.032846        33.199051       340         374       0        0.06           1           1
    4      96.423199        33.268304       340         170       0        0.09           1           1
    5      97.15116         32.836235       340         408       0        0.06           1           1
    6      96.63697         33.462995       340         442       0        0.06           1           1
    7      97.252026        32.349219       420         378       0        0.08           1           2
    8      96.359208        32.962536       290         319       0        0.07           1           1
    9      96.607316        32.656208       400         460       0        0.09           1           2
    10     97.10914         33.377056       800         660       260      0.10            2           1
    11     96.699963        33.674121       240         300       0        0.08           1           1
    12     97.11029         33.369408       400         380       0        0.07           1           2
    13     97.354963        33.130311       240         240       0        0.06           1           1
    14     97.144527        33.266916       220         242       0        0.09           1           1
    15     97.301405        33.407285       400         500       0        0.10           1           2
    16     95.616722        32.783381       220         242       0        0.07           1           1
    17     95.305245        32.889816       580         551       0        0.08           1           2
    18     96.489083        32.204765       800         620       260      0.09            2           1
    19     96.822547        32.262525       240         204       0        0.06           1           1
    20     96.525547        33.896393       240         252       0        0.07           1           1
    21     98.102929        32.978762       800         640      260      0.08            2           1
    22     97.789769        33.13295        260         338       0        0.06           1           1
    23     97.506909        32.652715       210         168       0        0.10           1           1
    24     97.995192        32.466221       440         462       0        0.07           1           2
    25     97.357462        32.890859       220         242       0        0.08           1           1
    26     97.972119        33.068478       240         324       0        0.09           1           1
    27     97.832731        32.512623       230         299       0        0.06           1           1
    28     98.11505         32.98188        240         252       0        0.07           1           1
    29     98.096947        32.972698       240         276       0        0.08           1           1

